(1256,103):(1256,104),
(1256,104):(1256,103),
(1332,111):(1333,112),(1334,112),
(1334,112):(1333,112),(1332,111),
(1138,113):(1139,113),(1140,114),(1141,115),
(1141,115):(1140,114),(1139,113),(1138,113),
(1341,122):(1342,123),
(1157,123):(1158,123),(1159,123),(1160,124),(1161,124),(1162,125),(1163,126),
(1163,126):(1162,125),(1161,124),(1160,124),(1159,123),(1158,123),(1157,123),
(1168,129):(1169,129),(1170,130),(1171,130),
(1264,129):(1265,129),
(1265,129):(1264,129),
(1171,130):(1170,130),(1169,129),(1168,129),
(1177,134):(1178,134),(1179,135),(1180,135),(1181,136),(1182,137),(1183,137),(1184,138),(1185,138),
(1265,145):(1265,146),(1265,147),(1265,148),
(954,148):(955,148),(956,148),
(956,148):(955,148),(954,148),
(1265,148):(1265,147),(1265,146),(1265,145),
(963,153):(964,154),
(964,154):(963,153),
(1264,155):(1264,156),(1263,157),(1263,158),(1263,159),
(834,156):(834,157),
(834,157):(834,156),
(1470,157):(1471,158),(1472,159),(1473,160),(1474,161),(1474,162),(1475,163),(1476,164),(1477,165),(1478,166),(1479,167),(1479,168),(1480,169),
(1263,159):(1263,158),(1263,157),(1264,156),(1264,155),
(977,160):(978,160),(979,161),(980,162),(981,162),(982,162),(983,162),
(983,162):(982,162),(981,162),(980,162),(979,161),(978,160),(977,160),
(1036,162):(1036,163),(1036,164),(1036,165),(1036,166),(1036,167),(1036,168),(1036,169),
(990,167):(991,167),
(1573,169):(1573,170),
(1573,170):(1573,169),
(855,172):(855,173),(856,174),(857,175),
(859,178):(859,177),(858,176),
(862,180):(862,181),
(687,181):(687,182),(686,183),(686,184),(686,185),(685,186),(685,187),(685,188),(684,189),(684,190),(684,191),(683,192),(683,193),(683,194),(682,195),(682,196),(682,197),(681,198),(681,199),(681,200),(680,201),(680,202),(680,203),(679,204),(679,205),(679,206),(678,207),(678,208),(677,209),(677,210),(677,211),(676,212),(676,213),(676,214),(675,215),(675,216),(675,217),(674,218),(674,219),(674,220),(673,221),(673,222),(673,223),(672,224),(672,225),(672,226),(671,227),(671,228),(671,229),(670,230),(670,231),(670,232),(669,233),
(1490,183):(1489,182),
(865,185):(864,184),
(1711,187):(1712,187),(1713,187),
(1713,187):(1712,187),(1711,187),
(1603,189):(1603,190),
(868,190):(868,191),(869,192),(870,193),
(1495,190):(1495,191),(1495,192),
(760,193):(761,193),
(761,193):(760,193),
(1614,197):(1613,197),(1612,196),
(1430,198):(1430,199),
(1428,200):(1429,200),
(1620,202):(1621,202),
(1621,202):(1620,202),
(1427,204):(1427,205),(1427,206),(1427,207),
(1427,207):(1427,206),(1427,205),(1427,204),
(1626,207):(1627,207),
(1756,209):(1757,209),(1758,210),(1759,210),(1760,211),(1761,212),(1762,212),(1763,212),(1764,213),(1765,213),(1766,214),(1767,215),
(1767,215):(1766,214),(1765,213),(1764,213),(1763,212),(1762,212),(1761,212),(1760,211),(1759,210),(1758,210),(1757,209),(1756,209),
(769,220):(769,221),(769,222),(770,223),(770,224),(770,225),(770,226),(771,227),(771,228),(771,229),(771,230),(772,231),(772,232),(772,233),(772,234),(773,235),(773,236),
(1784,225):(1785,225),(1786,226),
(1789,228):(1788,227),
(654,231):(655,231),(656,231),
(656,231):(655,231),(654,231),
(1421,232):(1421,233),(1420,234),(1420,235),(1419,236),(1419,237),(1419,238),(1418,239),(1418,240),(1417,241),(1417,242),(1417,243),(1416,244),(1416,245),(1415,246),(1415,247),(1415,248),(1414,249),(1414,250),(1413,251),(1413,252),(1413,253),(1413,254),(1412,255),(1412,256),(1411,257),(1411,258),(1410,259),(1410,260),
(666,234):(667,234),(668,234),
(1796,234):(1797,234),
(670,235):(669,234),
(773,236):(773,235),(772,234),(772,233),(772,232),(772,231),(771,230),(771,229),(771,228),(771,227),(770,226),(770,225),(770,224),(770,223),(769,222),(769,221),(769,220),
(696,240):(697,240),(698,240),(699,241),
(699,241):(698,240),(697,240),(696,240),
(1874,242):(1874,243),
(704,243):(705,243),(706,244),(707,244),
(1874,243):(1874,242),
(707,244):(706,244),(705,243),(704,243),
(1366,247):(1365,246),
(720,248):(720,249),
(720,249):(720,248),
(723,250):(724,250),(725,250),(726,250),
(726,250):(725,250),(724,250),(723,250),
(1822,250):(1821,249),
(729,251):(729,252),
(729,252):(729,251),
(736,253):(736,254),
(775,253):(775,254),(775,255),(775,256),(775,257),(775,258),(775,259),(775,260),
(736,254):(736,253),
(738,254):(739,254),(740,254),(741,254),(742,254),(743,255),(744,255),(745,255),(746,256),(747,256),(748,256),(749,256),(750,256),(751,257),(752,257),(753,257),(754,257),(755,257),(756,257),(757,258),(758,258),(759,258),(760,258),(761,258),(762,258),(763,259),(764,260),(765,260),(766,260),(767,260),(768,261),(769,261),(770,261),(771,261),(772,261),(773,261),(774,261),
(1830,256):(1831,256),(1832,257),(1833,258),(1834,259),
(1410,260):(1410,259),(1411,258),(1411,257),(1412,256),(1412,255),(1413,254),(1413,253),(1413,252),(1413,251),(1414,250),(1414,249),(1415,248),(1415,247),(1415,246),(1416,245),(1416,244),(1417,243),(1417,242),(1417,241),(1418,240),(1418,239),(1419,238),(1419,237),(1419,236),(1420,235),(1420,234),(1421,233),(1421,232),
(1390,263):(1390,264),(1391,265),
(1952,263):(1952,264),
(1952,264):(1952,263),
(1955,285):(1955,286),(1955,287),
(1955,287):(1955,286),(1955,285),
(1423,293):(1423,292),
(1955,293):(1956,293),(1957,293),
(1957,293):(1956,293),(1955,293),
(895,295):(895,294),(895,293),(895,292),(895,291),(894,290),(894,289),(894,288),(894,287),(894,286),(894,285),(894,284),(894,283),(894,282),(893,281),(893,280),(893,279),(893,278),(893,277),(893,276),(893,275),(893,274),(892,273),(892,272),(892,271),(892,270),(892,269),(892,268),(892,267),(892,266),(892,265),(892,264),
(1415,298):(1415,299),
(561,299):(562,300),
(1415,299):(1415,298),
(1441,299):(1440,298),(1439,298),(1438,297),(1437,297),(1436,296),(1435,295),(1434,295),(1433,294),(1432,293),(1431,293),(1430,292),
(562,300):(561,299),
(896,300):(895,301),
(1953,305):(1953,306),(1952,307),
(565,307):(565,308),(565,309),(565,310),(566,311),(566,312),
(1952,307):(1953,306),(1953,305),
(1455,308):(1456,308),(1457,309),(1458,309),(1459,310),(1460,310),(1461,311),(1461,312),
(1951,311):(1951,312),(1951,313),(1950,314),(1950,315),(1950,316),(1949,317),
(566,312):(566,311),(565,310),(565,309),(565,308),(565,307),
(1461,312):(1461,311),(1460,310),(1459,310),(1458,309),(1457,309),(1456,308),(1455,308),
(566,316):(566,317),(566,318),(566,319),
(1949,317):(1950,316),(1950,315),(1950,314),(1951,313),(1951,312),(1951,311),
(566,319):(566,318),(566,317),(566,316),
(1004,320):(1005,320),
(1005,320):(1004,320),
(1475,320):(1476,320),
(1578,320):(1577,321),
(1948,321):(1947,322),(1947,323),(1947,324),
(566,323):(567,323),
(567,323):(566,323),
(1947,324):(1947,323),(1947,322),(1948,321),
(940,325):(939,325),(938,324),(937,324),(936,323),
(496,330):(497,330),(498,330),(499,330),
(499,330):(498,330),(497,330),(496,330),
(1509,331):(1509,330),(1509,329),(1509,328),(1510,327),(1510,326),
(1751,332):(1750,333),(1749,334),(1748,335),(1747,336),
(1943,332):(1942,333),(1942,334),(1941,335),(1941,336),(1940,337),(1940,338),
(955,334):(956,335),(957,336),(958,337),(959,337),(960,338),(961,338),(962,339),(963,340),(964,340),(965,341),(966,341),(967,342),(968,343),(969,343),(970,344),(971,345),(972,345),(973,346),(974,346),(975,347),
(1572,334):(1572,333),(1573,332),(1573,331),(1574,330),(1574,329),(1574,328),
(512,336):(513,336),(514,336),
(514,336):(513,336),(512,336),
(1747,336):(1748,335),(1749,334),(1750,333),(1751,332),
(935,338):(935,339),(935,340),
(1940,338):(1940,337),(1941,336),(1941,335),(1942,334),(1942,333),(1943,332),
(526,340):(525,340),(524,340),
(935,340):(935,339),(935,338),
(1939,340):(1938,341),
(1493,341):(1492,342),
(535,342):(536,343),(537,343),(538,343),(539,344),(540,344),(541,344),(542,344),(543,344),(544,344),(545,344),(546,344),(547,344),(548,345),(549,345),(550,345),
(1492,342):(1493,341),
(1568,344):(1568,345),
(1937,344):(1937,343),
(550,345):(549,345),(548,345),(547,344),(546,344),(545,344),(544,344),(543,344),(542,344),(541,344),(540,344),(539,344),(538,343),(537,343),(536,343),(535,342),
(1568,345):(1568,344),
(560,346):(561,346),
(561,346):(560,346),
(2030,346):(2030,347),(2029,348),(2029,349),(2029,350),(2029,351),(2028,352),(2028,353),(2028,354),(2028,355),(2027,356),(2027,357),(2027,358),(2027,359),(2026,360),(2026,361),(2026,362),(2026,363),(2025,364),(2025,365),(2025,366),(2025,367),(2024,368),(2024,369),(2024,370),(2024,371),(2023,372),(2023,373),(2023,374),(2023,375),(2022,376),(2022,377),(2022,378),(2022,379),(2021,380),(2021,381),(2021,382),(2021,383),(2020,384),(2020,385),(2020,386),(2020,387),(2019,388),(2019,389),(2019,390),(2019,391),(2018,392),(2018,393),(2018,394),(2018,395),(2017,396),(2017,397),(2017,398),(2017,399),(2016,400),(2016,401),(2016,402),(2016,403),(2015,404),(2015,405),(2015,406),(2015,407),(2014,408),(2014,409),(2014,410),(2014,411),(2013,412),(2013,413),(2013,414),(2013,415),(2012,416),(2012,417),(2012,418),(2011,419),(2011,420),(2010,421),(2010,422),(2009,423),(2009,424),(2008,425),(2008,426),(2007,427),
(568,347):(569,347),(570,348),
(1560,361):(1559,362),(1559,363),(1558,364),(1558,365),(1557,366),
(1606,365):(1606,366),(1605,367),(1605,368),(1604,369),(1604,370),(1603,371),(1603,372),(1602,373),(1602,374),(1601,375),(1601,376),
(1557,366):(1558,365),(1558,364),(1559,363),(1559,362),(1560,361),
(1525,373):(1526,372),(1527,371),
(1601,376):(1601,375),(1602,374),(1602,373),(1603,372),(1603,371),(1604,370),(1604,369),(1605,368),(1605,367),(1606,366),(1606,365),
(1592,396):(1592,397),(1591,398),(1590,399),(1590,400),(1589,401),
(413,400):(414,401),
(414,401):(413,400),
(423,406):(424,407),(425,407),(426,408),(427,408),(428,409),(429,410),(430,410),(431,410),
(1780,408):(1779,408),(1778,409),(1777,409),(1776,410),(1775,410),(1774,410),(1773,411),(1772,411),(1771,412),(1770,412),(1769,413),(1768,413),(1767,413),(1766,414),(1765,414),(1764,415),
(1584,409):(1584,408),(1585,407),
(431,410):(430,410),(429,410),(428,409),(427,408),(426,408),(425,407),(424,407),(423,406),
(447,419):(448,420),
(719,424):(718,425),(717,426),(716,427),(716,428),(715,429),(714,430),(713,431),(712,432),(711,433),(710,434),(710,435),(709,436),(708,437),(707,438),
(2000,438):(2001,437),(2002,436),(2002,435),(2003,434),(2003,433),(2004,432),(2005,431),(2005,430),(2006,429),
(298,439):(299,439),(300,439),
(300,439):(299,439),(298,439),
(490,448):(489,448),(488,447),(487,447),(486,446),(485,445),(484,445),(483,444),(482,444),(481,443),(480,442),(479,442),(478,441),
(326,452):(327,453),(328,453),(329,454),(330,454),(331,455),(332,456),(333,457),(334,457),
(495,452):(496,452),(497,453),(498,454),
(850,455):(851,455),
(851,455):(850,455),
(1592,459):(1591,458),
(341,461):(340,461),(339,460),(338,460),(337,459),(336,458),
(1777,463):(1777,462),(1777,461),(1776,460),(1776,459),(1776,458),(1775,457),(1775,456),(1775,455),(1775,454),
(346,466):(347,466),(348,467),
(1349,469):(1348,468),(1348,467),
(356,474):(355,473),(354,472),
(365,483):(366,483),(367,484),(368,485),(369,486),(370,486),
(370,486):(369,486),(368,485),(367,484),(366,483),(365,483),
(376,493):(377,493),(378,494),
(1136,498):(1136,497),(1135,496),(1134,495),
(861,500):(862,500),
(862,500):(861,500),
(293,510):(293,511),(293,512),(293,513),(292,514),(292,515),(292,516),(292,517),(292,518),(292,519),(292,520),(292,521),(291,522),(291,523),(291,524),(291,525),(291,526),(291,527),(291,528),(291,529),(290,530),(290,531),(290,532),(290,533),(290,534),(290,535),(290,536),(290,537),(289,538),(289,539),(289,540),(289,541),
(865,513):(865,514),(865,515),
(865,515):(865,514),(865,513),
(2039,517):(2039,516),(2038,515),
(866,518):(867,518),
(867,518):(866,518),
(186,529):(186,530),
(869,529):(870,529),
(870,529):(869,529),
(1377,530):(1376,531),(1375,532),(1374,533),
(193,531):(192,531),(191,531),(190,531),(189,531),(188,531),(187,531),
(780,531):(780,530),(779,529),(778,528),
(1620,533):(1620,534),
(210,534):(211,534),(212,534),
(212,534):(211,534),(210,534),
(224,534):(225,534),
(225,534):(224,534),
(230,534):(231,534),(232,534),(233,534),(234,534),(235,534),(236,534),(237,534),(238,534),(239,534),(240,534),(241,534),(242,534),(243,534),(244,534),(245,534),
(245,534):(244,534),(243,534),(242,534),(241,534),(240,534),(239,534),(238,534),(237,534),(236,534),(235,534),(234,534),(233,534),(232,534),(231,534),(230,534),
(256,535):(257,535),(258,535),(259,535),(260,535),(261,536),(262,536),(263,536),(264,536),(265,536),(266,537),(267,537),(268,537),(269,538),(270,538),(271,538),(272,539),(273,539),(274,539),(275,540),(276,540),(277,540),(278,540),(279,540),(280,541),(281,541),(282,541),(283,541),(284,542),(285,542),(286,542),(287,542),(288,542),
(574,540):(573,539),
(2032,545):(2031,545),(2030,544),(2029,544),(2028,544),(2027,544),(2026,544),(2025,544),(2024,544),(2023,544),(2022,543),(2021,543),(2020,543),(2019,543),(2018,542),(2017,542),(2016,542),(2015,542),(2014,542),(2013,541),(2012,541),
(297,553):(296,554),(295,555),
(1060,554):(1060,555),(1059,556),(1059,557),(1059,558),(1058,559),(1058,560),(1058,561),(1058,562),
(295,555):(296,554),(297,553),
(294,558):(293,559),(293,560),(292,561),
(1058,562):(1058,561),(1058,560),(1058,559),(1059,558),(1059,557),(1059,556),(1060,555),(1060,554),
(290,565):(290,564),(291,563),
(1852,568):(1851,569),(1851,570),(1850,571),(1849,572),(1849,573),(1848,574),(1847,575),(1847,576),(1846,577),
(1054,574):(1054,575),(1054,576),(1053,577),
(2015,576):(2014,576),
(280,580):(280,581),(280,582),
(280,582):(280,581),(280,580),
(1051,584):(1051,583),(1051,582),(1052,581),(1052,580),(1052,579),
(273,590):(272,591),(271,592),(270,592),(269,593),(268,594),(267,595),
(1047,594):(1047,595),(1047,596),
(267,595):(268,594),(269,593),(270,592),(271,592),(272,591),(273,590),
(1047,596):(1047,595),(1047,594),
(1043,604):(1043,605),(1043,606),(1043,607),
(1043,607):(1043,606),(1043,605),(1043,604),
(1594,614):(1595,614),(1596,615),(1597,616),(1597,617),
(1040,615):(1039,616),(1039,617),
(1039,617):(1039,616),(1040,615),
(1597,617):(1597,616),(1596,615),(1595,614),(1594,614),
(1601,622):(1602,622),
(1602,622):(1601,622),
(1035,626):(1034,627),(1034,628),(1033,629),(1033,630),
(1946,627):(1947,627),(1948,626),(1949,625),
(1033,630):(1033,629),(1034,628),(1034,627),(1035,626),
(341,642):(342,642),(343,642),(344,641),(345,640),
(1919,654):(1918,655),
(1566,656):(1566,657),(1567,658),(1568,659),(1568,660),(1569,661),(1569,662),(1570,663),(1571,664),(1571,665),(1572,666),(1573,667),
(1573,667):(1572,666),(1571,665),(1571,664),(1570,663),(1569,662),(1569,661),(1568,660),(1568,659),(1567,658),(1566,657),(1566,656),
(1528,679):(1529,679),
(1529,679):(1528,679),
(563,687):(564,687),(565,686),(566,686),(567,685),(568,685),(569,684),(570,684),(571,683),(572,683),(573,682),(574,682),
(529,702):(528,703),(527,703),(526,703),(525,704),(524,704),(523,704),
(523,704):(524,704),(525,704),(526,703),(527,703),(528,703),(529,702),
(519,705):(519,706),
(519,706):(519,705),
(1586,709):(1587,709),
(1587,709):(1586,709),
(490,711):(489,711),(488,711),(487,712),(486,712),(485,712),(484,712),(483,713),(482,713),(481,713),(480,714),(479,714),(478,714),(477,715),(476,715),(475,715),(474,716),(473,716),(472,717),(471,717),(470,717),(469,718),(468,718),(467,718),(466,718),(465,718),(464,718),(463,718),(462,718),(461,718),(460,718),(459,719),(458,719),(457,719),(456,719),(455,719),(454,719),(453,719),(452,719),(451,720),(450,720),(449,720),(448,720),(447,720),(446,720),(445,720),(444,720),(443,721),(442,721),(441,721),(440,721),
(1203,713):(1204,714),(1205,715),(1206,715),(1207,716),(1208,717),(1209,718),
(1495,713):(1496,713),(1497,714),(1498,714),(1499,715),(1500,715),(1501,716),
(1501,716):(1500,715),(1499,715),(1498,714),(1497,714),(1496,713),(1495,713),
(440,721):(441,721),(442,721),(443,721),(444,720),(445,720),(446,720),(447,720),(448,720),(449,720),(450,720),(451,720),(452,719),(453,719),(454,719),(455,719),(456,719),(457,719),(458,719),(459,719),(460,718),(461,718),(462,718),(463,718),(464,718),(465,718),(466,718),(467,718),(468,718),(469,718),(470,717),(471,717),(472,717),(473,716),(474,716),(475,715),(476,715),(477,715),(478,714),(479,714),(480,714),(481,713),(482,713),(483,713),(484,712),(485,712),(486,712),(487,712),(488,711),(489,711),(490,711),
(1587,732):(1588,732),(1589,732),
(1589,732):(1588,732),(1587,732),
(1587,750):(1587,751),(1587,752),
(1587,752):(1587,751),(1587,750),
(1449,763):(1450,764),(1451,765),(1452,766),(1453,767),
(1453,767):(1452,766),(1451,765),(1450,764),(1449,763),
(1478,771):(1478,772),(1478,773),(1478,774),(1479,775),(1479,776),(1479,777),(1479,778),(1480,779),(1480,780),(1480,781),(1480,782),(1481,783),(1481,784),(1481,785),(1481,786),(1482,787),(1482,788),(1482,789),(1482,790),(1482,791),(1482,792),(1482,793),(1483,794),(1483,795),(1483,796),(1483,797),(1483,798),(1483,799),(1484,800),(1484,801),(1484,802),(1484,803),(1484,804),(1484,805),(1484,806),(1484,807),(1484,808),(1484,809),(1485,810),(1485,811),(1485,812),(1485,813),(1485,814),(1485,815),(1486,816),(1486,817),(1486,818),(1486,819),(1486,820),(1486,821),(1486,822),(1486,823),
(661,778):(662,778),(663,778),(664,777),(665,777),(666,777),(667,777),(668,777),(669,777),(670,776),(671,776),(672,776),(673,776),(674,776),(675,776),(676,775),(677,775),(678,775),(679,775),(680,775),(681,774),(682,774),(683,773),(684,773),(685,772),(686,771),(687,771),(688,770),(689,769),(690,769),(691,768),
(656,779):(655,780),(654,780),(653,780),(652,780),(651,780),(650,781),(649,781),(648,781),(647,782),(646,782),(645,782),
(1815,788):(1816,788),(1817,787),(1818,786),(1819,785),(1820,785),(1821,784),(1822,783),(1823,782),(1824,781),(1825,780),
(621,793):(622,792),(623,792),(624,791),(625,791),(626,791),(627,790),
(1112,793):(1112,794),(1112,795),
(1112,795):(1112,794),(1112,793),
(615,796):(614,797),
(609,800):(610,799),(611,798),(612,798),
(606,801):(605,802),(604,802),(603,803),(602,803),(601,804),(600,804),
(586,812):(587,811),(588,811),(589,810),(590,810),(591,809),(592,808),(593,808),(594,807),(595,807),(596,806),
(1114,813):(1115,813),(1116,813),
(1116,813):(1115,813),(1114,813),
(1045,816):(1045,817),(1045,818),(1044,819),(1044,820),(1044,821),(1044,822),(1044,823),(1044,824),(1044,825),(1044,826),(1044,827),(1044,828),(1044,829),(1044,830),(1044,831),(1044,832),(1044,833),(1044,834),(1044,835),(1044,836),(1043,837),(1043,838),(1043,839),(1043,840),(1043,841),(1043,842),(1043,843),(1043,844),(1043,845),(1042,846),(1042,847),(1042,848),
(1486,823):(1486,822),(1486,821),(1486,820),(1486,819),(1486,818),(1486,817),(1486,816),(1485,815),(1485,814),(1485,813),(1485,812),(1485,811),(1485,810),(1484,809),(1484,808),(1484,807),(1484,806),(1484,805),(1484,804),(1484,803),(1484,802),(1484,801),(1484,800),(1483,799),(1483,798),(1483,797),(1483,796),(1483,795),(1483,794),(1482,793),(1482,792),(1482,791),(1482,790),(1482,789),(1482,788),(1482,787),(1481,786),(1481,785),(1481,784),(1481,783),(1480,782),(1480,781),(1480,780),(1480,779),(1479,778),(1479,777),(1479,776),(1479,775),(1478,774),(1478,773),(1478,772),(1478,771),
(1115,824):(1116,824),(1117,824),
(1117,824):(1116,824),(1115,824),
(1638,827):(1639,827),
(1763,831):(1763,832),
(1763,832):(1763,831),
(1487,833):(1487,834),(1487,835),(1487,836),(1487,837),(1487,838),(1487,839),(1487,840),(1487,841),(1487,842),(1487,843),(1486,844),(1487,845),(1487,846),(1487,847),(1487,848),(1487,849),(1487,850),
(1629,836):(1628,836),(1627,837),(1626,837),
(1626,837):(1627,837),(1628,836),(1629,836),
(1754,838):(1753,838),(1752,839),
(919,846):(920,846),(921,845),(922,845),(923,845),(924,845),(925,844),(926,844),(927,844),(928,843),(929,843),(930,843),(931,843),(932,843),(933,843),(934,842),
(667,847):(667,846),(666,845),(666,844),(665,843),(665,842),(664,841),(664,840),(664,839),(663,838),(663,837),(662,836),(662,835),(661,834),(661,833),(660,832),(660,831),(660,830),(659,829),(659,828),(658,827),(658,826),(657,825),(657,824),(657,823),(656,822),(656,821),(655,820),(655,819),(654,818),(654,817),(653,816),(653,815),(653,814),(652,813),(652,812),(651,811),(651,810),(650,809),(650,808),(650,807),(649,806),(649,805),(648,804),(648,803),(647,802),(647,801),(647,800),(646,799),(646,798),(645,797),(645,796),(644,795),(644,794),(643,793),(643,792),(643,791),(642,790),(642,789),(641,788),(641,787),(640,786),
(1042,848):(1042,847),(1042,846),(1043,845),(1043,844),(1043,843),(1043,842),(1043,841),(1043,840),(1043,839),(1043,838),(1043,837),(1044,836),(1044,835),(1044,834),(1044,833),(1044,832),(1044,831),(1044,830),(1044,829),(1044,828),(1044,827),(1044,826),(1044,825),(1044,824),(1044,823),(1044,822),(1044,821),(1044,820),(1044,819),(1045,818),(1045,817),(1045,816),
(1737,849):(1738,848),
(1487,850):(1487,849),(1487,848),(1487,847),(1487,846),(1487,845),(1486,844),(1487,843),(1487,842),(1487,841),(1487,840),(1487,839),(1487,838),(1487,837),(1487,836),(1487,835),(1487,834),(1487,833),
(1042,852):(1042,853),
(1042,853):(1042,852),
(887,855):(886,855),(885,855),(884,856),(883,856),(882,856),(881,856),(880,857),(879,857),(878,857),(877,858),
(877,858):(878,857),(879,857),(880,857),(881,856),(882,856),(883,856),(884,856),(885,855),(886,855),(887,855),
(1041,861):(1041,862),(1040,863),(1040,864),(1040,865),(1040,866),(1040,867),
(1486,861):(1485,862),
(1485,862):(1486,861),
(1040,867):(1040,866),(1040,865),(1040,864),(1040,863),(1041,862),(1041,861),
(932,869):(932,870),(932,871),(932,872),(931,873),(931,874),(931,875),(931,876),(931,877),(931,878),(930,879),(930,880),(930,881),(930,882),(929,883),(929,884),(929,885),(929,886),(929,887),(928,888),(928,889),(928,890),(928,891),(927,892),(927,893),(927,894),(927,895),(926,896),(926,897),(926,898),(925,899),(925,900),(925,901),(924,902),(924,903),(924,904),(924,905),(923,906),(923,907),
(1484,869):(1485,869),
(1485,869):(1484,869),
(841,870):(840,870),(839,871),(838,871),(837,872),(836,872),(835,872),(834,873),(833,873),(832,873),(831,874),(830,874),(829,875),(828,875),(827,875),(826,876),(825,876),(824,877),(823,877),(822,877),(821,878),(820,878),(819,879),(818,879),(817,879),(816,880),(815,880),(814,880),(813,881),(812,881),(811,882),(810,882),(809,882),(808,882),(807,883),(806,883),(805,883),(804,884),
(1038,874):(1039,874),(1040,874),
(1040,874):(1039,874),(1038,874),
(1483,874):(1482,875),
(1482,875):(1483,874),
(1569,877):(1570,877),
(1570,877):(1569,877),
(1480,881):(1479,882),(1479,883),
(1479,883):(1479,882),(1480,881),
(804,884):(805,883),(806,883),(807,883),(808,882),(809,882),(810,882),(811,882),(812,881),(813,881),(814,880),(815,880),(816,880),(817,879),(818,879),(819,879),(820,878),(821,878),(822,877),(823,877),(824,877),(825,876),(826,876),(827,875),(828,875),(829,875),(830,874),(831,874),(832,873),(833,873),(834,873),(835,872),(836,872),(837,872),(838,871),(839,871),(840,870),(841,870),
(1560,884):(1559,884),(1558,885),(1557,885),
(1557,885):(1558,885),(1559,884),(1560,884),
(1035,892):(1035,893),(1035,894),(1034,895),(1034,896),(1033,897),(1033,898),(1033,899),(1032,900),(1032,901),(1031,902),(1031,903),(1031,904),(1030,905),(1030,906),(1030,907),(1029,908),(1029,909),
(738,901):(739,901),
(739,901):(738,901),
(720,905):(720,906),
(720,906):(720,905),
(711,907):(712,907),(713,907),
(713,907):(712,907),(711,907),
(923,907):(923,906),(924,905),(924,904),(924,903),(924,902),(925,901),(925,900),(925,899),(926,898),(926,897),(926,896),(927,895),(927,894),(927,893),(927,892),(928,891),(928,890),(928,889),(928,888),(929,887),(929,886),(929,885),(929,884),(929,883),(930,882),(930,881),(930,880),(930,879),(931,878),(931,877),(931,876),(931,875),(931,874),(931,873),(932,872),(932,871),(932,870),(932,869),
(1029,909):(1029,908),(1030,907),(1030,906),(1030,905),(1031,904),(1031,903),(1031,902),(1032,901),(1032,900),(1033,899),(1033,898),(1033,897),(1034,896),(1034,895),(1035,894),(1035,893),(1035,892),
(1258,911):(1259,910),(1260,910),(1261,910),(1262,909),(1263,908),(1264,908),(1265,908),(1266,907),(1267,907),(1268,906),(1269,906),(1270,906),(1271,905),(1272,905),(1273,904),(1274,904),(1275,903),(1276,903),(1277,902),
(1256,912):(1255,913),(1254,913),(1253,913),
(1456,916):(1456,917),
(1456,917):(1456,916),
(1022,924):(1021,925),
(1021,925):(1022,924),
(916,928):(915,929),(915,930),(915,931),(914,932),
(1219,930):(1220,930),
(914,932):(915,931),(915,930),(915,929),(916,928),
(1214,934):(1213,934),(1212,935),(1211,935),(1210,936),(1209,936),(1208,937),(1207,937),(1206,938),(1205,938),
(1201,940):(1202,939),(1203,939),
(1010,943):(1009,944),(1008,944),(1007,945),(1006,946),(1005,946),(1004,947),(1003,948),(1002,948),(1001,949),(1000,950),(999,950),(998,951),(997,952),(996,952),(995,953),
(1186,945):(1187,945),(1188,945),
(1188,945):(1187,945),(1186,945),
(1176,948):(1175,948),(1174,949),(1173,949),(1172,949),(1171,950),(1171,951),
(1171,951):(1171,950),(1172,949),(1173,949),(1174,949),(1175,948),(1176,948),
(1167,952):(1166,953),(1165,953),
(995,953):(996,952),(997,952),(998,951),(999,950),(1000,950),(1001,949),(1002,948),(1003,948),(1004,947),(1005,946),(1006,946),(1007,945),(1008,944),(1009,944),(1010,943),
(1165,953):(1166,953),(1167,952),
